-.0020 -1811.34626
-.0018 -1811.56601
-.0016 -1811.76144
-.0014 -1811.93284
-.0012 -1812.08049
-.0010 -1812.20465
-.0008 -1812.30562
-.0006 -1812.38366
-.0004 -1812.43906
-.0002 -1812.4721
0 -1812.48305
.0002 -1812.47219
.0004 -1812.4398
.0006 -1812.38616
.0008 -1812.31156
.0010 -1812.21625
.0012 -1812.10054
.0014 -1811.96469
.0016 -1811.80899
.0018 -1811.63371
.0020 -1811.43915
-.0020 -1811.34626
-.0018 -1811.56601
-.0016 -1811.76144
-.0014 -1811.93284
-.0012 -1812.08049
-.0010 -1812.20465
-.0008 -1812.30562
-.0006 -1812.38366
-.0004 -1812.43906
-.0002 -1812.4721
0 -1812.48305
.0002 -1812.47219
.0004 -1812.4398
.0006 -1812.38616
.0008 -1812.31156
.0010 -1812.21625
.0012 -1812.10054
.0014 -1811.96469
.0016 -1811.80899
.0018 -1811.63371
.0020 -1811.43915
